57.72216706  
84.32423567  
203.4845844  
82.51544288  
4169.769864  
4839.552707  
5896.236878  
570.5638205  
372.5386872  
18.70715865  
72.38641267  
150.2042492  
597.7364017  
63.88202006  
3.03198685  
177.1400559  
132.9379752  
6.686916551  
21.37419332  
60.26592897  
70.23464277  
17.33588154  
79.56278157  
32.35749935  
14.39426265  
28.75687847  
93.60278281  
16.9977394  
134.1409887  
16.30683941  
110.3037329  
21.10316672  
49.13883889  
0.3531726426  
37.52217874  
2.941271369  
0.9118766786  
24.71809605  
1.26924318  
0.5509558508  
1.024740348  
0.7784691052  
0.02996686173  
0.2039583819  
0.1066285482  
0.02357171329  
0.0159699112  
0.03662938209  
0.01731608345  
0.01646056666  
0.0143182502  
0.01276437337  
0.01167353862  
0.01031194856  
0.009200636997  
0.008273864485  
0.007518481344  
0.006823117746  
0.006239137841  
0.005730576932  
0.005278665336  
0.004885076061  
0.004535819389  
0.004227025065  
0.003951449534  
0.003705457457  
0.003485768327  
0.003287962458  
0.003110181706  
0.002949568298  
0.002804234308  
0.002672987526  
0.002554244085  
0.00244581239  
0.002347371975  
0.002258021001  
0.00217673188  
0.002102465232  
0.002035374036  
0.001974204482  
0.001918679569  
0.001868252311  
0.001822831725  
0.001781790401  
0.001745245922  
0.001712441893  
0.001683298786  
0.001657780341  
0.001635591331  
0.001616741756  
0.00160098878  
0.001588077083  
0.001578273312  
0.001571168242  
0.001566833014  
0.001565439496  
