158.3426959  
191.4300454  
296.0507384  
1301.395106  
10.94077047  
934.4127535  
529.0472658  
1869.384936  
2171.495921  
470.6931536  
848.4479221  
1450.87787  
1965.532485  
142.4456412  
57.42403641  
421.6683941  
864.3929082  
725.3114992  
791.215005  
200.805831  
317.6440828  
101.5101598  
250.3671917  
19.75595547  
340.4149313  
245.9628934  
38.54292922  
653.3561679  
108.0564534  
70.92457377  
58.94253498  
200.8878212  
106.0444944  
39.73221071  
103.5384271  
123.7226589  
78.92413866  
15.73161189  
8.480892947  
19.44432862  
11.63125424  
10.08910229  
1.565314081  
1.613302937  
1.418303852  
1.058385325  
0.514397188  
0.7415526945  
0.4492492218  
0.3892908289  
0.3563707825  
0.3067796743  
0.2719754189  
0.2437383249  
0.2166745371  
0.193248113  
0.1724090772  
0.1547345768  
0.1390273603  
0.1250949165  
0.1125776372  
0.1014229906  
0.09143456835  
0.08246069773  
0.07436052272  
0.06705305528  
0.06044061685  
0.05445141987  
0.0490126532  
0.044070937  
0.03957680135  
0.03547933733  
0.03174852239  
0.02834459713  
0.02523989568  
0.02240636692  
0.01982507689  
0.01746912169  
0.01532298338  
0.01337065799  
0.01159695617  
0.009988521328  
0.008533263493  
0.007223262555  
0.006046011509  
0.004996268109  
0.004065745205  
0.003248794012  
0.002539284046  
0.001933865931  
0.001427770733  
0.001017938018  
0.000701912929  
0.0004775254595  
0.0003433052299  
0.0002986007775  
