226.5430188  
237.8911087  
270.5427873  
834.0289732  
2494.025773  
1795.274934  
219.83726  
3232.294292  
334.2506241  
2036.216791  
200.6632201  
955.0251341  
39.41945056  
330.2897026  
6.489633734  
1200.120601  
288.4680842  
715.9960862  
235.7395138  
288.7653349  
149.714297  
158.2014225  
285.5917739  
200.2324109  
124.6913209  
228.7570666  
56.59972111  
187.5966879  
24.59960695  
51.22169237  
116.2047171  
283.4370582  
43.47651269  
152.9597903  
196.6956979  
45.79326581  
3.369320661  
26.15966986  
3.842453168  
1.582808392  
0.5006150175  
3.093077052  
6.616334117  
3.516968038  
2.052933112  
2.743857889  
3.020741961  
1.885591097  
2.078228777  
1.823026884  
1.596857559  
1.481124687  
1.358326864  
1.251817447  
1.159552594  
1.074470628  
0.9988114693  
0.9315534947  
0.8707441475  
0.8158507742  
0.7663234881  
0.7214688603  
0.6807421661  
0.6436066423  
0.6097995068  
0.5788983815  
0.5506329017  
0.5247453105  
0.5010086789  
0.4792239417  
0.4592151318  
0.4408223019  
0.4239167325  
0.408374689  
0.3940800308  
0.380929115  
0.3688408964  
0.3577439347  
0.3475667878  
0.3382368657  
0.3297135237  
0.3219305802  
0.3148576695  
0.3084459972  
0.3026653362  
0.2974805107  
0.2928721296  
0.2888091585  
0.2852600959  
0.2822321184  
0.2796833482  
0.2776216435  
0.2760317979  
0.2748985337  
0.2742213514  
0.273996696  
