44.4714481  
61.4286586  
110.066961  
3213.371498  
1707.848678  
324.9689645  
2520.909692  
213.3035177  
2014.96606  
428.6857648  
327.5099989  
235.0350114  
2112.461176  
427.5006509  
33.4005488  
47.40721553  
374.7495753  
765.0665422  
221.3181865  
30.06271119  
646.3024818  
144.0991244  
390.8364915  
110.0254244  
589.5538522  
48.82247716  
49.54085189  
145.2722591  
143.1477526  
99.346691  
92.59042119  
45.71648184  
325.3476836  
20.26558792  
69.76458011  
43.30236933  
69.11440627  
1.514189006  
3.795641949  
25.76404147  
2.931533627  
8.096326443  
3.336670008  
3.610811936  
2.492029711  
2.195501618  
1.883746365  
1.853018041  
1.5987347  
1.485828322  
1.350988829  
1.245135751  
1.160181588  
1.085318174  
1.020543553  
0.9614520596  
0.9091583803  
0.8628933531  
0.8209453955  
0.783113217  
0.7491185315  
0.7181673873  
0.6900549942  
0.6644011223  
0.6409453504  
0.6194615929  
0.5997366848  
0.5816033257  
0.5649035761  
0.5495173036  
0.5353193781  
0.5222185788  
0.5101036846  
0.4989165181  
0.4885790928  
0.4790273776  
0.470201137  
0.4620783718  
0.4545683224  
0.447675529  
0.4413389455  
0.43553365  
0.4302431211  
0.4254252986  
0.421064458  
0.4171551315  
0.4136573016  
0.4105670631  
0.4078644738  
0.4055524259  
0.4036090184  
0.4020237695  
0.400801811  
0.3999327952  
0.3994138081  
0.3992435915  
