3.190332763  
4.973973719  
16.05595516  
358.1406095  
215.1095234  
2526.260391  
1158.935371  
749.5639067  
1509.862633  
946.0244161  
1856.880208  
622.2078514  
294.9208454  
676.9077873  
255.6489439  
968.5225598  
577.6236818  
651.3737911  
52.22581228  
217.2007323  
527.2352848  
152.8218118  
74.82720393  
481.135468  
560.422854  
225.976883  
305.0452169  
230.5331467  
406.2824747  
8.851798879  
296.6534502  
82.93773164  
347.5859812  
50.37387224  
83.29988172  
45.96969787  
190.5403207  
125.2549972  
61.29330829  
91.21466894  
22.02086461  
46.3674354  
14.35718465  
18.13911917  
12.14086623  
13.9790119  
10.69422357  
10.11476719  
9.060364436  
8.208794417  
7.507218199  
7.052919203  
6.458080087  
6.115921128  
5.751755838  
5.441322877  
5.150258362  
4.903427029  
4.676916875  
4.473170917  
4.289492085  
4.121649542  
3.969587346  
3.830339428  
3.702950434  
3.586063359  
3.478633534  
3.379695112  
3.288492512  
3.204303311  
3.126513002  
3.054584663  
2.9880499  
2.926472469  
2.869507847  
2.816817449  
2.768100676  
2.72312154  
2.681606748  
2.643372544  
2.608251573  
2.576036475  
2.546611906  
2.5198284  
2.495566793  
2.473732586  
2.454257356  
2.437005475  
2.421966474  
2.409033712  
2.398171678  
2.389343418  
2.3825262  
2.377668136  
2.374760174  
2.373772188  
