75.78002536  
96.61093351  
167.9750083  
1252.159715  
77.28060401  
468.4432015  
989.8883022  
1500.681107  
4574.396656  
459.657035  
458.2264082  
452.8955518  
1511.897054  
711.1714609  
909.3948082  
275.0068992  
206.0575693  
712.2519852  
978.2513805  
125.5161204  
51.40297984  
117.9319095  
210.5606482  
55.82949589  
144.6663316  
223.5719482  
357.4517879  
212.1103577  
336.7234181  
286.5067413  
91.57091818  
69.0030962  
47.82060497  
4.255978969  
41.63838686  
2.547534229  
2.517289236  
14.7825173  
5.139111573  
25.28431052  
2.904719006  
8.261701316  
0.5430869287  
1.321363176  
2.018331756  
1.043817941  
0.6048637414  
0.9102261041  
0.6293007384  
0.6206537727  
0.5886522823  
0.5305720015  
0.5150809722  
0.4777062041  
0.4530941269  
0.4237068853  
0.403058667  
0.3824357077  
0.3642623935  
0.3476117681  
0.3325793961  
0.3188884545  
0.3062953678  
0.2948849675  
0.2843872414  
0.2747526495  
0.2658965298  
0.2577388991  
0.2502239663  
0.2432912247  
0.2368834319  
0.2309620004  
0.2254946706  
0.2204396813  
0.2157639941  
0.2114431361  
0.2074493657  
0.2037675522  
0.2003827921  
0.197261126  
0.1943935917  
0.1917646543  
0.1893647896  
0.1871886909  
0.1852168418  
0.1834462996  
0.1818591072  
0.1804558696  
0.1792395178  
0.178188121  
0.1773043507  
0.176592169  
0.1760389913  
0.1756450947  
0.175412537  
0.1753301076  
