1.839233015  
5.495849739  
52.21606053  
269.4814126  
1651.629995  
985.1078223  
352.7973952  
245.1529139  
140.2349917  
244.4194494  
161.5560287  
49.60504765  
148.7743269  
1300.393397  
85.51364494  
550.6435823  
380.1664214  
233.6993147  
1277.665923  
477.4590322  
372.6801512  
553.8505694  
317.2733506  
898.2085683  
1600.789649  
364.0398508  
552.492565  
52.84333206  
1002.878346  
426.6306497  
1640.969061  
115.097614  
565.9376626  
27.24752457  
451.4083857  
19.10174877  
383.3359439  
230.8200593  
33.52962671  
41.96354294  
11.02704417  
11.01244426  
10.85060588  
3.753783937  
2.116252664  
3.023881092  
3.181642804  
1.458629913  
1.893832495  
1.356896114  
1.196893943  
1.130271244  
1.024241365  
0.9363870998  
0.8517147251  
0.7940873452  
0.7366246037  
0.6881408734  
0.6471284501  
0.6104483563  
0.5775656252  
0.5487724733  
0.5230259267  
0.4997118218  
0.4788033687  
0.4598738807  
0.4427256248  
0.4271338414  
0.412922162  
0.399956428  
0.3880981808  
0.3772331854  
0.3672783825  
0.3581260388  
0.3497353845  
0.3420270034  
0.3349462893  
0.3284459093  
0.322476179  
0.3170171444  
0.3120186287  
0.3074571244  
0.3033062268  
0.2995376825  
0.296144115  
0.2930929477  
0.2903771687  
0.2879802026  
0.2859014796  
0.284103297  
0.2826041093  
0.2813823458  
0.2804442675  
0.2797798025  
0.2793791324  
0.2792411175  
