7.825595218  
10.0735615  
7.832200061  
1629.22639  
2453.613583  
474.5044225  
89.69403477  
4527.494665  
940.4587709  
584.5788893  
929.8439875  
651.4775586  
171.6169183  
350.093481  
228.6648521  
381.8877017  
312.7914209  
650.8685585  
388.878882  
114.4217462  
55.02661845  
78.45341511  
121.5459497  
291.4787532  
287.5591539  
74.57082933  
234.4363538  
41.77501485  
314.7762236  
390.1547696  
669.3486781  
17.90970411  
214.1729295  
21.05589849  
164.5042409  
153.1292775  
104.1749076  
47.86722125  
7.040406448  
32.53200307  
11.85252131  
10.61216734  
6.313053328  
5.82246398  
4.260312404  
3.553348086  
3.396111453  
3.472953877  
2.947959635  
2.699400695  
2.530572492  
2.343237498  
2.172846872  
2.050246522  
1.93114785  
1.826737083  
1.730357744  
1.646865249  
1.57022111  
1.501207781  
1.43881727  
1.381736737  
1.329844993  
1.282329566  
1.238787614  
1.198821481  
1.162058683  
1.128186019  
1.096949068  
1.068112511  
1.041465664  
1.016826013  
0.9940178616  
0.9729350477  
0.9534272606  
0.9353864261  
0.9187037385  
0.9033057244  
0.8891018203  
0.8760214738  
0.8639973365  
0.8529841383  
0.8429201077  
0.8337634815  
0.8254766666  
0.8180195619  
0.8113552776  
0.8054720358  
0.8003295075  
0.7959177925  
0.7922054298  
0.7891869742  
0.7868711603  
0.785207621  
0.7842196774  
0.7838770867  
