879.6670354  
1071.124684  
1767.873383  
5181.684659  
1394.517691  
1302.102388  
170.68339  
1824.057646  
243.471134  
699.616844  
276.220027  
266.2016527  
251.4634506  
216.1557101  
149.9775114  
136.6206972  
360.933802  
82.37698723  
191.3192518  
28.41265497  
202.8975418  
49.07484307  
264.9541047  
107.9251297  
101.689538  
52.77515127  
174.6464243  
13.49277251  
169.0840218  
28.03242163  
89.66116238  
29.18461174  
49.05950203  
48.64846274  
65.65505564  
84.19079293  
4.794087985  
43.63013998  
8.287232429  
36.0907931  
19.10594744  
15.95848972  
12.2092296  
13.7891409  
9.232244527  
8.828615788  
8.111451534  
7.635586839  
6.748394446  
6.215752172  
5.73969689  
5.295862806  
4.871109963  
4.552944048  
4.262250871  
3.999674916  
3.765425748  
3.556740007  
3.367233084  
3.196199036  
3.042070323  
2.901181414  
2.773169968  
2.656151163  
2.549086537  
2.450966218  
2.360853963  
2.278015874  
2.20177643  
2.131518517  
2.066738222  
2.006970431  
1.951798269  
1.900868644  
1.853853245  
1.810474954  
1.770460767  
1.733583161  
1.699629253  
1.668440644  
1.639817036  
1.613646405  
1.589773895  
1.568085332  
1.548486629  
1.530871758  
1.515156269  
1.501286319  
1.489172836  
1.478803514  
1.47008839  
1.463017149  
1.457551083  
1.45365605  
1.451323729  
1.450554502  
