16.97696877  
21.40187699  
24.55474337  
2040.331712  
3041.543139  
47.64623462  
847.5475953  
1987.636645  
861.0248232  
581.2089495  
6.830197482  
2427.344649  
288.185494  
708.0249459  
117.5000044  
414.6698384  
140.1951055  
1321.757229  
26.26472161  
414.4527655  
29.05052343  
195.543544  
178.2897014  
356.104941  
373.7276938  
277.2952583  
330.7007235  
245.1608673  
96.2112916  
229.8334339  
218.8984526  
6.831800742  
249.1384806  
41.30447592  
44.33663637  
34.25225569  
2.790402428  
10.34376927  
16.69780165  
33.10111144  
3.389191901  
7.111571715  
2.063140833  
1.781921674  
1.356561204  
1.008772087  
0.8152058037  
0.9305097935  
0.7277306339  
0.6977039512  
0.6022261401  
0.5532182296  
0.5051074413  
0.4714821891  
0.4412142141  
0.4112145521  
0.3856061562  
0.3640099617  
0.3438671482  
0.3260326329  
0.3101558397  
0.295789133  
0.2828226353  
0.2710866196  
0.2604208773  
0.25070659  
0.2418380083  
0.2337263326  
0.2262935045  
0.2194696069  
0.2132002159  
0.2074390468  
0.2021294951  
0.1972493588  
0.1927478594  
0.1886069599  
0.1847888381  
0.1812774278  
0.1780534061  
0.1750856855  
0.1723736775  
0.1698914056  
0.1676330489  
0.1655772188  
0.1637256687  
0.1620604155  
0.1605774524  
0.1592636509  
0.1581205134  
0.157139655  
0.1563189647  
0.1556505148  
0.1551348662  
0.1547680531  
0.1545483948  
0.1544737332  
