68.93395546  
91.09808262  
169.7354814  
326.8647606  
553.6486131  
908.3931521  
1748.735737  
1376.227787  
2107.383599  
3207.14118  
2093.933298  
122.1889186  
50.81233543  
1276.069095  
315.2710221  
1309.405637  
104.4538143  
193.8677716  
151.3303519  
11.48004531  
195.2203297  
156.2334948  
320.0548824  
423.8002952  
203.6490138  
110.0174586  
30.81732508  
48.91433845  
212.3031665  
233.1201741  
42.53985876  
6.808072252  
76.38725871  
16.42174851  
1.613804647  
28.40272942  
18.0297977  
20.9436979  
1.434126816  
0.2138865739  
0.5465797273  
1.16705763  
0.1464084669  
0.08752394006  
0.01274131145  
0.01870388221  
0.01094379589  
0.008399599317  
0.01049854126  
0.002544963745  
0.003986881603  
0.003892982112  
0.003209949366  
0.003145868049  
0.00277058922  
0.002723753532  
0.00254287829  
0.002420092125  
0.002311592281  
0.002237459998  
0.002157199988  
0.002091682609  
0.002036198058  
0.001983906024  
0.001937675268  
0.00189594411  
0.001858299984  
0.001824146327  
0.001793425011  
0.001764462143  
0.001738152343  
0.001714495963  
0.001691593555  
0.001671226841  
0.001651976173  
0.001634278751  
0.001617938588  
0.001602698513  
0.001589061577  
0.001575808823  
0.001563726776  
0.001553179062  
0.00154302618  
0.001533882582  
0.001525223797  
0.001518118621  
0.001511520462  
0.001505559064  
0.001500321801  
0.001495701943  
0.001492020175  
0.001488560781  
0.001486356129  
0.001484620128  
0.001483869825  
0.001483279709  
