48.47847706  
62.25137706  
144.3362609  
316.8662334  
70.16607722  
4228.118853  
3784.073398  
675.9223392  
603.6702935  
486.6710224  
179.3114163  
531.8066018  
274.8824535  
1491.128945  
57.85581038  
939.9917536  
455.9124991  
518.9011339  
835.9284123  
57.39709032  
137.3489242  
354.9021439  
194.4112431  
310.9857264  
84.27013334  
6.472152344  
584.1593561  
309.6940968  
20.77591258  
0.04748828999  
72.07746791  
139.2818657  
71.59129132  
35.76729898  
61.62426968  
12.38527306  
10.61024145  
36.0622995  
2.610957904  
6.294669996  
11.29326283  
8.967603976  
3.720558224  
5.219229262  
3.098978756  
3.894108052  
3.688641446  
3.542272962  
3.209655543  
3.110673599  
2.871831078  
2.741266641  
2.570980112  
2.467024633  
2.361896073  
2.257918179  
2.165050763  
2.08303366  
2.005943891  
1.935140221  
1.870642634  
1.81066286  
1.755433192  
1.70425017  
1.656844559  
1.612853883  
1.571984981  
1.533985445  
1.498618715  
1.465710951  
1.435078781  
1.406537422  
1.379978558  
1.355244127  
1.332227726  
1.310830117  
1.290946937  
1.272500925  
1.255409888  
1.239623896  
1.225046615  
1.21165451  
1.199364907  
1.188170464  
1.177992635  
1.168824073  
1.160608411  
1.153341424  
1.146980679  
1.141504263  
1.136908953  
1.13317649  
1.130275466  
1.128204207  
1.126973191  
1.126555167  
