3.188780777  
4.182031723  
21.96408733  
1159.593029  
572.3839441  
2013.936507  
3782.240333  
1474.691746  
2108.161444  
1245.089879  
691.9898947  
203.3221421  
320.616674  
375.6600384  
221.6499949  
43.47343097  
102.3565151  
174.9965432  
549.6079725  
79.48274879  
670.6407781  
66.41824728  
13.744811  
185.8270806  
360.788925  
5.856017113  
130.7659114  
61.19845743  
676.92503  
49.30361203  
130.2197586  
13.18813855  
451.6197857  
26.78993626  
40.89009189  
24.14343221  
122.200837  
36.65719702  
11.47733802  
18.46055455  
15.53326312  
7.761512931  
3.988345797  
4.613504047  
2.747383628  
2.68049094  
2.382407155  
2.69580569  
2.246938201  
2.132319951  
2.002060178  
1.855978969  
1.737536436  
1.639988392  
1.553048449  
1.471836154  
1.39802274  
1.332472127  
1.272576184  
1.218023542  
1.16860156  
1.123208704  
1.081743763  
1.043697484  
1.008716922  
0.9765426027  
0.9468677579  
0.9194845075  
0.8941893054  
0.8708042864  
0.8491460337  
0.8291119657  
0.8105542835  
0.7933664156  
0.7774521807  
0.7627251189  
0.7491053587  
0.7365104005  
0.7249017242  
0.7141891522  
0.7043565796  
0.6953383547  
0.6870920344  
0.6795833895  
0.6727953411  
0.6666801177  
0.6612182573  
0.6563927874  
0.6521694842  
0.6485548045  
0.6455073686  
0.6430339231  
0.6411193811  
0.6397636149  
0.6389450307  
0.6386779318  
