24.39488636  
20.16016536  
11.29272336  
127.120219  
3551.691029  
2.308511287  
2542.400484  
1697.790531  
1397.165684  
582.9466198  
800.1140469  
494.6299161  
293.2290345  
308.9326358  
629.9360901  
449.4093413  
565.4225497  
539.1870396  
414.2855439  
87.18036301  
209.3028632  
200.5924658  
258.4758789  
55.18334892  
70.15451305  
221.3707578  
591.614048  
13.23641183  
441.835455  
367.6922585  
467.4325177  
122.5013881  
269.6614502  
39.58740683  
291.1638918  
30.87832929  
82.4198776  
0.3654265773  
12.72950323  
11.50258295  
3.720240673  
2.523979672  
3.72374564  
1.243154021  
1.859074135  
2.359078121  
1.739510741  
1.357165475  
1.374076205  
1.212088911  
1.090199716  
1.011940624  
0.9171619355  
0.8496074473  
0.7825303879  
0.727523894  
0.673695758  
0.627911927  
0.5864794997  
0.5491638616  
0.5152437898  
0.4847274312  
0.4570618857  
0.4319174189  
0.4090482213  
0.3882166951  
0.3692025927  
0.3518335672  
0.3359408073  
0.321386377  
0.3080460052  
0.2958028393  
0.2845757417  
0.2742597127  
0.2647881541  
0.2560967286  
0.2481143013  
0.2407954213  
0.234086216  
0.2279509931  
0.2223401355  
0.2172333029  
0.2125882211  
0.2083825906  
0.2045973125  
0.2012028552  
0.1981830276  
0.1955237085  
0.1932064493  
0.1912248208  
0.1895628309  
0.1882150526  
0.1871751241  
0.1864349357  
0.1859941364  
0.1858457168  
