333.6991245  
375.3632906  
461.5871125  
2780.969184  
758.6184138  
2510.956073  
64.82647697  
1396.63088  
1030.180565  
101.830272  
1555.763496  
140.1607486  
1106.144768  
67.63573713  
843.9310971  
194.8846119  
397.5363799  
275.9451628  
353.0919555  
57.58542781  
226.2522977  
108.7957464  
41.92256796  
177.186196  
51.21140349  
267.8759153  
135.1207229  
297.2853795  
400.2633933  
516.6092934  
360.2803061  
103.8153688  
132.3758039  
266.5817604  
108.5466542  
84.79008054  
85.83420855  
86.39251703  
27.51087863  
4.820769821  
3.749988592  
2.674701085  
1.154386583  
2.074171346  
4.968709624  
2.783881452  
2.233744512  
2.497865452  
1.912245079  
1.827470872  
1.61570292  
1.421065136  
1.286735402  
1.17237279  
1.071526012  
0.9684555148  
0.8857094553  
0.8106937867  
0.7424077001  
0.6809170237  
0.6259560134  
0.5763022504  
0.5312754306  
0.4906961952  
0.4538518903  
0.4203899551  
0.3899559619  
0.3622334107  
0.3369703489  
0.3139158529  
0.2928613344  
0.2736170471  
0.256019714  
0.2399279932  
0.2251999434  
0.2117358905  
0.1994186019  
0.1881629105  
0.1778824962  
0.1685093753  
0.159973263  
0.1522198037  
0.1451914868  
0.1388523667  
0.1331495745  
0.1280561926  
0.1235365674  
0.119559465  
0.1161088941  
0.1131547077  
0.1106858841  
0.108683664  
0.1071382196  
0.106044003  
0.1053875724  
0.105169243  
