0.1717158367  
0.4433070569  
0.8471926335  
1.402348587  
1.971942923  
2.34137891  
2.384889149  
2.178676652  
1.933436603  
1.796774507  
1.729016243  
1.584963182  
1.302856042  
0.980256242  
0.7513494392  
0.6136549822  
0.4119516148  
0.005384215709  
-0.5693599011  
-1.125072775  
-1.512157937  
-1.754243591  
-1.977037747  
-2.215726321  
-2.333384216  
-2.162321099  
-1.717500438  
-1.225735639  
-0.9085770831  
-0.7501777019  
-0.5262200819  
-0.08022625388  
0.4662965382  
0.8204867279  
0.8229964787  
0.6038795267  
0.4308198252  
0.4488147737  
0.5973702123  
0.7410267895  
0.8117030893  
0.8130206869  
0.7496447596  
0.6171755104  
0.4570589405  
0.3633324975  
0.3945751407  
0.4930280601  
0.5257889762  
0.4129532157  
0.1950093944  
-0.03144351892  
-0.2186976752  
-0.3879761886  
-0.5623078746  
-0.7155396887  
-0.7983926788  
-0.791513718  
-0.710451112  
-0.5664640975  
-0.3509617161  
-0.07665724137  
0.1738484461  
0.2652918643  
0.09998497563  
-0.2944528384  
-0.7619670925  
-1.10427632  
-1.18667922  
-0.9968359597  
-0.6416184576  
-0.2923470562  
-0.08807965535  
-0.03842789831  
-0.01214031299  
0.1450265923  
0.4548040377  
0.7743575769  
0.9333433843  
0.899809172  
0.8016470397  
0.7919700204  
0.9092070462  
1.065334349  
1.143729388  
1.090425517  
0.930531828  
0.7380155322  
0.5995379545  
0.5596199533  
0.5440003472  
0.3494301922  
-0.2025116424  
-1.02904319  
-1.732003839  
-1.883692174  
-1.440117227  
-0.8517080379  
-0.6952157262  
-1.150380715  
-1.838098217  
-2.186057555  
-1.955984502  
-1.412679254  
-0.9920680181  
-0.8359840584  
-0.6804229408  
-0.1955742608  
0.6073539908  
1.349110252  
1.657410862  
1.528401002  
1.293763848  
1.262803806  
1.44698292  
1.631405459  
1.645372585  
1.503675259  
1.310401479  
1.107656397  
0.854877126  
0.5085305127  
0.06902575007  
-0.4299360373  
-0.9221575596  
-1.30232456  
-1.481276198  
-1.475968877  
-1.401722561  
-1.340235205  
-1.24944056  
-1.047154116  
-0.7546960171  
-0.493600836  
-0.3403816702  
-0.2474848058  
-0.1326431693  
0.005208426505  
0.1047126199  
0.1486049735  
0.1979597375  
0.3164724792  
0.4949985889  
0.6622825857  
0.7503829458  
0.7420320593  
0.6720875458  
0.5956825198  
0.5465967187  
0.5146910239  
0.458844784  
0.336285611  
0.1211950078  
-0.1783959733  
-0.492014615  
-0.6926426999  
-0.6933709473  
-0.5691355017  
-0.5337174788  
-0.7256376928  
-1.016508199  
-1.09794469  
-0.7987462268  
-0.2819499657  
0.1188060994  
0.2413672647  
0.2195868186  
0.2648289227  
0.3950198578  
0.4438285203  
0.3133767319  
0.1317240234  
0.1149896007  
0.316808264  
0.5788306201  
0.7226229865  
0.7210519579  
0.6507600907  
0.5438729116  
0.3739156736  
0.1740599078  
0.05838260267  
0.05348202541  
-0.03349165648  
-0.4617671129  
-1.229413909  
-1.960377771  
-2.195623558  
-1.811518114  
-1.118036418  
-0.5292149951  
-0.1630727709  
