0.03873719286  
-0.6606749832  
-0.9376457184  
-0.8636481521  
-0.8734908471  
-1.187611431  
-1.523625764  
-1.44795535  
-0.913875398  
-0.3357578653  
-0.1521780576  
-0.4168569463  
-0.8333162908  
-1.088555484  
-1.080887081  
-0.8840400034  
-0.6013992284  
-0.2791785578  
0.09837573478  
0.5579354248  
1.045635976  
1.378996224  
1.364213209  
1.024513801  
0.6608161405  
0.5806673049  
0.7593678229  
0.8685063794  
0.6821702931  
0.354914492  
0.2005479791  
0.2655611316  
0.2738892475  
0.007030202467  
-0.4067749898  
-0.6635150171  
-0.63909798  
-0.4520618646  
-0.2269760788  
0.04321351562  
0.3627045055  
0.6014813525  
0.6228132349  
0.4973447836  
0.4612466304  
0.6248399953  
0.8051062466  
0.719709168  
0.3189727906  
-0.1487811015  
-0.416141646  
-0.4798485124  
-0.5548373618  
-0.7738701511  
-1.006858509  
-1.006429988  
-0.6833155603  
-0.1847206026  
0.2772065067  
0.6034734727  
0.7942852226  
0.8201801372  
0.5865397967  
0.05151714136  
-0.6485438491  
-1.227551755  
-1.425983171  
-1.181011522  
-0.6533723378  
-0.1070776751  
0.2605122881  
0.433040959  
0.563779954  
0.8221000253  
1.190147118  
1.40595027  
1.17146916  
0.4700834154  
-0.3355772075  
-0.7657723869  
-0.6120477403  
-0.08883096065  
0.3696080595  
0.4630789911  
0.235838382  
-0.002687155687  
0.03313287393  
0.3522038765  
0.7059810857  
0.8798389552  
0.9629399765  
1.274185105  
1.959406557  
2.661167188  
2.664559155  
1.477261849  
-0.6683950411  
-2.890213769  
-4.265186974  
-4.410965463  
-3.560125817  
-2.222370135  
-0.8831020943  
0.07210038608  
0.4189074667  
0.2682144181  
0.08701051397  
0.3235238362  
0.9353232941  
1.399839682  
1.283277814  
0.7415751112  
0.3648142147  
0.5451491882  
1.092025691  
1.490684307  
1.446252819  
1.088352797  
0.6881592157  
0.3222793634  
-0.09949508949  
-0.5581624942  
-0.8411914048  
-0.7968644155  
-0.5869060267  
-0.5710880761  
-0.910590746  
-1.3287538  
-1.320187268  
-0.6429067555  
0.3790122582  
1.086358721  
1.092894603  
0.6735165207  
0.4795901282  
0.8412703657  
1.421052487  
1.603297322  
1.149015335  
0.3774527767  
-0.2428491317  
-0.5442049418  
-0.6825171184  
-0.8394757961  
-1.008746544  
-1.052484376  
-0.8834015834  
-0.5530964453  
-0.1840980248  
0.144256813  
0.4150596824  
0.5925148541  
0.5889376496  
0.3787993145  
0.1155904768  
0.02012498744  
0.1009921498  
0.08853071602  
-0.2238216315  
-0.6095189101  
-0.5600178777  
0.1019274579  
0.8811538352  
1.057745168  
0.4791114897  
-0.2454605585  
-0.4149877522  
0.01231770262  
0.4670212423  
0.4995818163  
0.2561792156  
0.1478244586  
0.2299575027  
0.1585401401  
-0.2307344221  
-0.5602733996  
-0.3448942231  
0.302361515  
0.6800072407  
0.3287994431  
-0.3331333366  
-0.4325438827  
0.3266908295  
1.258342376  
1.398640979  
0.486510921  
-0.8513207926  
-1.77094154  
-1.903116268  
-1.43173204  
-0.7132772565  
0.0482665859  
