-0.05883789739  
0.04320962692  
0.2319978335  
0.3259390788  
0.05367896311  
-0.5209711048  
-0.9354833078  
-0.7923699918  
-0.2144914884  
0.270964438  
0.2927750547  
-0.01165846617  
-0.2233072693  
-0.1258063735  
0.1220837855  
0.2536016407  
0.2074071662  
0.1186397475  
0.0744593726  
-0.007938248152  
-0.2337107055  
-0.5290383232  
-0.6590294017  
-0.4642111317  
-0.06126417238  
0.2152325609  
0.1002826181  
-0.3411678871  
-0.737575702  
-0.728500997  
-0.2938674422  
0.2301573176  
0.4713685648  
0.3483971195  
0.07568329441  
-0.1137626687  
-0.1858999072  
-0.2402381444  
-0.304952951  
-0.2807437533  
-0.087012977  
0.2125325535  
0.4813450059  
0.6708536591  
0.8387685792  
0.9966729144  
1.00819271  
0.7079816805  
0.1185585015  
-0.5060224944  
-0.884227553  
-0.9414610035  
-0.8311750591  
-0.7493181446  
-0.7578382872  
-0.7786602716  
-0.716538699  
-0.5625901951  
-0.3918590855  
-0.2824981495  
-0.2402419576  
-0.194090926  
-0.06641810597  
0.1468259793  
0.3662234402  
0.5055870791  
0.5576235624  
0.5863600758  
0.6185235186  
0.5611822074  
0.2813845755  
-0.2006200277  
-0.6375550261  
-0.7465007014  
-0.4939043591  
-0.1470878038  
-0.01230604048  
-0.1467992386  
-0.3580552713  
-0.4588838399  
-0.461523401  
-0.4962609927  
-0.5833968833  
-0.5669291577  
-0.3250739787  
-0.006850122781  
0.06392083284  
-0.1853696344  
-0.3065557363  
0.3251976605  
1.771371606  
3.202154341  
3.482571469  
2.186428393  
0.01506945714  
-1.809059383  
-2.541342147  
-2.336853701  
-1.816351936  
-1.371902347  
-0.9446095842  
-0.3808756403  
0.166476224  
0.3103618819  
-0.1085753093  
-0.740538702  
-1.000938396  
-0.6245531291  
0.1053510341  
0.6776552691  
0.8380122454  
0.7299948598  
0.6276262786  
0.6252918249  
0.6070416278  
0.4452272423  
0.1519650779  
-0.1606082599  
-0.3989898772  
-0.5240366002  
-0.5089220947  
-0.3339663509  
-0.04154785383  
0.243957891  
0.3842309706  
0.3198910449  
0.1082760133  
-0.1145715622  
-0.2346281333  
-0.2669067733  
-0.3448175787  
-0.5420908387  
-0.7211394198  
-0.6622283074  
-0.3770599619  
-0.1806673648  
-0.3473096505  
-0.7514826938  
-0.9702763205  
-0.7435564902  
-0.245215521  
0.1158829082  
0.0985959036  
-0.1715877898  
-0.334654046  
-0.114682849  
0.4163687589  
0.862518655  
0.8659277491  
0.4972198267  
0.2194635315  
0.3894295371  
0.8432150801  
1.075809995  
0.8152889906  
0.3035540671  
-0.02292348668  
-0.01523651031  
0.1172230326  
0.1418396897  
0.06305058842  
0.02814600599  
0.09265510838  
0.168908035  
0.1627604118  
0.06547168376  
-0.1051794577  
-0.3795336561  
-0.7845020171  
-1.232970621  
-1.538380237  
-1.586467207  
-1.464342141  
-1.364842832  
-1.368953453  
-1.386017147  
-1.326657374  
-1.254543829  
-1.279473752  
-1.318707392  
-1.068773621  
-0.288985036  
0.897466085  
2.037562358  
2.726389301  
2.969725405  
3.15055927  
3.578551512  
4.040150469  
3.854217625  
2.488005848  
0.1729639539  
