-0.01125062608  
-0.9166610804  
-1.06106455  
-0.3815074047  
0.4810048076  
0.8258326476  
0.5040431856  
-0.06906635669  
-0.3995527918  
-0.3460464918  
-0.1221441612  
0.007540334539  
-0.0371768612  
-0.185781299  
-0.3999430287  
-0.7597309127  
-1.348336662  
-2.059948706  
-2.554138699  
-2.457473905  
-1.669294146  
-0.490494261  
0.5757377859  
1.193849495  
1.396454039  
1.43623253  
1.472262741  
1.440929069  
1.228398785  
0.895009543  
0.6503743521  
0.6085039576  
0.6440471327  
0.5481678655  
0.3019701756  
0.1295740599  
0.2540462585  
0.6335259709  
0.9800070882  
1.040930153  
0.833612497  
0.5880022751  
0.4828753806  
0.4735277239  
0.3785859642  
0.09559392877  
-0.30032642  
-0.648946473  
-0.845344936  
-0.8824966945  
-0.8180923835  
-0.7638552348  
-0.8780953027  
-1.247227668  
-1.692135554  
-1.768523908  
-1.138474287  
-0.02739149715  
0.7967822758  
0.6721034262  
-0.2852424057  
-1.24436379  
-1.449286719  
-0.8915588506  
-0.1579585566  
0.2910751714  
0.5430361081  
0.9354058631  
1.5068082  
1.893849493  
1.749527886  
1.133445146  
0.4270384963  
-0.06723177432  
-0.3505048205  
-0.5646032807  
-0.7123781287  
-0.6337052126  
-0.2573141  
0.2071102502  
0.4132565973  
0.2359670046  
-0.05858800517  
-0.05600000561  
0.3805405963  
0.9644514357  
1.303851237  
1.3484972  
1.444559261  
1.880977303  
2.413807386  
2.367239391  
1.312071296  
-0.3784661315  
-1.75733428  
-2.144816212  
-1.708722844  
-1.191628509  
-1.14215902  
-1.492940954  
-1.823559856  
-1.859321751  
-1.639952435  
-1.332918484  
-1.054770608  
-0.8743389236  
-0.8367106851  
-0.8876095538  
-0.8412310568  
-0.5306312298  
0.008889149331  
0.5751458096  
1.020513842  
1.361793841  
1.64132118  
1.76943788  
1.613221937  
1.230970712  
0.9054407345  
0.8701226582  
1.039989301  
1.087041231  
0.7944500198  
0.294334847  
-0.06711148586  
-0.07876482881  
0.1440133898  
0.308366387  
0.2569115845  
0.1136544016  
0.1249435423  
0.382463147  
0.7193767968  
0.8548317977  
0.6033243772  
-0.03605863066  
-0.9054627013  
-1.737745085  
-2.227259042  
-2.165554724  
-1.579775444  
-0.7373666026  
0.009195688161  
0.4108137019  
0.4200038308  
0.1846463873  
-0.03608456513  
-0.02597787454  
0.2241444502  
0.4893729644  
0.4982973937  
0.1852898399  
-0.252349917  
-0.557039581  
-0.6444017157  
-0.6125884476  
-0.5534944447  
-0.4255571879  
-0.1425455022  
0.261081636  
0.6217223609  
0.8100405467  
0.8526757254  
0.8617659383  
0.8755267942  
0.8118851605  
0.57339442  
0.166692963  
-0.2689512585  
-0.5069689758  
-0.3291434239  
0.3071140459  
1.11104754  
1.542751424  
1.229856469  
0.377753519  
-0.3333189908  
-0.3856735008  
0.05235887668  
0.336452194  
0.07852636478  
-0.4614072064  
-0.7851640295  
-0.8200007951  
-0.9589056521  
-1.416802469  
-1.772685158  
-1.383187867  
-0.2378398101  
0.8157523876  
0.8676603981  
-0.06686495641  
