0.03289523209  
-2.033500591  
-2.887146029  
-2.190538051  
-0.641452921  
0.6452290281  
0.9715327748  
0.4520763958  
-0.2469225652  
-0.5198550043  
-0.2673213962  
0.1405195808  
0.2736965423  
0.01936542091  
-0.3949686762  
-0.680407447  
-0.7393377885  
-0.6552984185  
-0.5074587497  
-0.2754885889  
0.05128458398  
0.329997365  
0.3282187302  
-0.006320035507  
-0.3745035365  
-0.3368471257  
0.2210920964  
0.875294726  
1.036471906  
0.5871001592  
0.05941282255  
0.07406426093  
0.6284439526  
1.066039864  
0.797297393  
-0.04417575417  
-0.7528908042  
-0.8069193128  
-0.3580612581  
0.03544844449  
0.03456796144  
-0.2212966436  
-0.4106495506  
-0.416974126  
-0.3437450274  
-0.2433945263  
0.004810951123  
0.490501201  
1.037019829  
1.289878296  
1.065044361  
0.5472457222  
0.09693024505  
-0.1095045774  
-0.1965673261  
-0.3596380665  
-0.5906920941  
-0.6882345315  
-0.520661124  
-0.2089226915  
-0.001684163925  
0.001557385114  
-0.06708822364  
-0.05765080722  
-0.02847374637  
-0.1717615525  
-0.5164270238  
-0.804449395  
-0.7439438577  
-0.3532630604  
0.03686946301  
0.13899059  
-0.01075917854  
-0.1649587573  
-0.1752469252  
-0.09763960778  
-0.02559504764  
0.05711335502  
0.208527763  
0.3872588425  
0.4600422322  
0.3527404816  
0.156501667  
0.06270992133  
0.1772861688  
0.3773639698  
0.3665169288  
-0.04883394483  
-0.6679151835  
-0.9284688731  
-0.3789626961  
0.8076793768  
1.896074544  
2.296041466  
2.156027804  
2.08271435  
2.272377855  
2.151302625  
1.037618934  
-0.9602434147  
-2.897706667  
-3.83292622  
-3.588683388  
-2.721516769  
-1.927914874  
-1.540734538  
-1.434463026  
-1.244334605  
-0.7012185666  
0.1169629429  
0.8269169436  
1.096488519  
0.9900238924  
0.9129923594  
1.179918242  
1.669049373  
1.948216105  
1.733008086  
1.172225459  
0.6607923666  
0.4159345985  
0.3007834347  
0.06127339272  
-0.3425303542  
-0.6950237233  
-0.7749922457  
-0.5860338679  
-0.3496720262  
-0.3150515844  
-0.5538839202  
-0.875109345  
-0.944490872  
-0.5745504659  
0.05574624295  
0.5138171068  
0.4905546966  
0.04861950422  
-0.5062415651  
-0.921804123  
-1.100908769  
-0.9819668024  
-0.4906056474  
0.3007382967  
1.049602054  
1.333457214  
1.032847534  
0.4864972559  
0.2084040499  
0.4387406991  
0.9748007778  
1.406355433  
1.461545482  
1.128548795  
0.5441594736  
-0.113781767  
-0.6275978722  
-0.7945366401  
-0.6294271367  
-0.4678842353  
-0.6814654982  
-1.207361429  
-1.492594159  
-1.06695721  
-0.1384059269  
0.5527623833  
0.5240451078  
0.04632596866  
-0.2665246004  
-0.2318357399  
-0.2244398414  
-0.5269942513  
-0.8443027896  
-0.6938571537  
-0.1360968834  
0.2282901422  
0.07708821657  
-0.116551827  
0.3173771096  
1.24312466  
1.715254451  
1.141867627  
0.1381949955  
-0.1750779589  
0.3549243716  
0.6443292733  
-0.1546060381  
-1.285930992  
-1.092226995  
0.8349721117  
2.743573404  
2.449605236  
-0.1416702433  
