-0.002006747062  
-0.5717765188  
-0.5017754158  
0.1576519367  
0.7251300888  
0.6174690399  
-0.06082773171  
-0.6846955614  
-0.7918541518  
-0.5100985911  
-0.3172693463  
-0.4931465486  
-0.8941150042  
-1.212014974  
-1.315415203  
-1.280739952  
-1.183087592  
-0.9865541493  
-0.658122371  
-0.2943795698  
-0.05134347562  
0.04349644023  
0.1521457522  
0.4728559657  
1.038696126  
1.674356382  
2.13663189  
2.295842193  
2.210069901  
2.045669469  
1.906414727  
1.712655566  
1.266519714  
0.4828918863  
-0.4395552813  
-1.125353312  
-1.334912565  
-1.15901333  
-0.8962693909  
-0.7791977256  
-0.8526975837  
-1.063363026  
-1.352371357  
-1.614242223  
-1.643228466  
-1.237142025  
-0.3969906252  
0.6101480561  
1.421554906  
1.816274366  
1.797996725  
1.494353361  
1.021757382  
0.4421979536  
-0.1942604102  
-0.7960610938  
-1.219148737  
-1.315801088  
-1.029363148  
-0.4707868646  
0.1116623609  
0.4836848787  
0.5820569813  
0.5283118181  
0.4762595174  
0.4396634814  
0.2828847838  
-0.09294639809  
-0.5522061283  
-0.7643965877  
-0.5131955454  
0.02662811201  
0.3982200173  
0.313840972  
-0.03254365235  
-0.1688325255  
0.1497087766  
0.7029224623  
1.06765218  
1.027252574  
0.6865987083  
0.2788999112  
-0.03414933559  
-0.2086063019  
-0.3013308926  
-0.4464187653  
-0.7293958823  
-0.9760500251  
-0.7445244438  
0.2725024203  
1.753627902  
2.787411281  
2.589953375  
1.235662489  
-0.3804013233  
-1.325556886  
-1.359887124  
-0.9596751041  
-0.7593347557  
-1.011444754  
-1.469371103  
-1.664492227  
-1.315739592  
-0.5780040264  
0.07421083714  
0.2667060982  
0.06910649432  
-0.1017710995  
0.07696097737  
0.5386562058  
0.9769483372  
1.196753691  
1.230384582  
1.155136852  
0.939463304  
0.5393649427  
0.06550320717  
-0.2701266143  
-0.3905288928  
-0.4423442951  
-0.5843018751  
-0.7453613638  
-0.6890491653  
-0.3120920468  
0.2111896822  
0.6074226174  
0.7506669187  
0.695491922  
0.5533324755  
0.4223792306  
0.3871331435  
0.473449426  
0.5937573577  
0.6149224995  
0.4990227649  
0.3191864782  
0.1302766435  
-0.09942895121  
-0.3952034928  
-0.6857452766  
-0.8715611335  
-0.9533405939  
-1.031495353  
-1.1749357  
-1.315761421  
-1.267215734  
-0.8408501189  
0.0005877844732  
1.042756848  
1.88612108  
2.185191257  
1.864450026  
1.110235738  
0.1992942621  
-0.6137562685  
-1.105882876  
-1.147843624  
-0.835071847  
-0.464105875  
-0.2665822971  
-0.191724086  
-0.04186799152  
0.2005136275  
0.3118254124  
0.1430143101  
-0.1150400571  
-0.1072169827  
0.2630858135  
0.6974226685  
0.825692586  
0.5956820311  
0.2880261292  
0.1941227972  
0.3565680337  
0.6143835054  
0.8060896744  
0.8697320257  
0.8048449469  
0.6465014522  
0.4934221538  
0.4523140068  
0.4546990405  
0.1807725701  
-0.6731063531  
-1.962988863  
-3.010886928  
-3.091722664  
-2.077819921  
-0.5977422773  
0.4495324862  
0.5657672926  
-0.0363044951  
