-0.1159459024  
-0.6586587084  
-0.8763757556  
-0.6638381654  
-0.2031298527  
0.1780075281  
0.2602476648  
0.08289176146  
-0.1425754492  
-0.2484415684  
-0.2226436372  
-0.1302886902  
0.009624633209  
0.2276843064  
0.5150140808  
0.7895538384  
0.9638071839  
1.011421635  
0.9502351052  
0.7933958011  
0.5542143234  
0.284209699  
0.05822311775  
-0.09196065144  
-0.1906136749  
-0.2375529654  
-0.1560744104  
0.1077813343  
0.4284454201  
0.5218939588  
0.1957820898  
-0.4315323656  
-1.014411214  
-1.292714747  
-1.288990438  
-1.191733331  
-1.100402656  
-0.9469353835  
-0.6643690253  
-0.3611864567  
-0.253925844  
-0.4115980387  
-0.6161216092  
-0.5382766732  
-0.07068237961  
0.5409458331  
0.9203326767  
0.9029200102  
0.6482985538  
0.4467809892  
0.453067404  
0.5837572248  
0.6105422527  
0.3597126099  
-0.0846184705  
-0.3325970984  
0.04192664151  
1.033880823  
2.023654014  
2.227940547  
1.440477616  
0.2662030022  
-0.4697072097  
-0.5226666879  
-0.3694273625  
-0.5761693212  
-1.145320322  
-1.558553347  
-1.397452589  
-0.7951329594  
-0.2437302438  
-0.05739469082  
-0.127938586  
-0.1753644965  
-0.103242773  
-0.04012469981  
-0.1107636734  
-0.2779905527  
-0.4132260607  
-0.4410923426  
-0.370958307  
-0.2213184063  
0.03028376166  
0.3854984522  
0.7055859392  
0.7140113141  
0.2544865501  
-0.3782833899  
-0.5059379316  
0.270015437  
1.386030515  
1.538711054  
-0.06781849164  
-2.597953009  
-3.939988626  
-2.520757977  
1.071582603  
4.360244986  
5.061238643  
3.022936699  
0.1537348558  
-1.486822023  
-1.417797328  
-0.6481484033  
-0.2232777075  
-0.2108292429  
-0.08652169747  
0.2998934474  
0.4940128051  
0.09464695811  
-0.6788008664  
-1.22247421  
-1.205214741  
-0.8163375084  
-0.4132534042  
-0.1397677032  
0.02022445746  
0.008751692117  
-0.2266958785  
-0.4540945776  
-0.2746642329  
0.303802668  
0.6380112428  
0.1199985962  
-0.9470199463  
-1.466001796  
-0.7098123543  
0.793665466  
1.741505214  
1.391368354  
0.2689949662  
-0.4770313969  
-0.2924524209  
0.3193322641  
0.5021477222  
0.04541517118  
-0.4548521254  
-0.3778441981  
0.1907554834  
0.6345922829  
0.5807037201  
0.2725592462  
0.161769153  
0.3471170998  
0.5532033544  
0.5309965346  
0.2875986293  
-0.04148744653  
-0.3376490467  
-0.4553090079  
-0.2270703212  
0.3010084075  
0.7149503359  
0.5415758424  
-0.2076793063  
-0.9356494881  
-1.032794074  
-0.5177448422  
-0.002418043952  
-0.01324056719  
-0.4432395894  
-0.7440216401  
-0.6064287892  
-0.319530603  
-0.3802123864  
-0.8259818169  
-1.126540622  
-0.8082469486  
-0.05713614918  
0.467932894  
0.3952216015  
0.01745028158  
-0.1668257736  
-0.09403511073  
-0.08007673432  
-0.1816943517  
0.04261528518  
0.8977006354  
1.8631104  
1.960260961  
0.965746547  
-0.05268237117  
0.1838744212  
1.560575868  
2.45388276  
1.496191084  
-0.759030052  
-2.333578465  
-2.007605116  
-0.6140705066  
0.1005138013  
-0.3827100093  
