0.08812688808  
-1.67161311  
-2.114996336  
-1.157402269  
0.08625250932  
0.493538902  
-0.01522950565  
-0.6105962709  
-0.5716135586  
-0.002075573627  
0.4536304037  
0.414854724  
0.1180458259  
0.007017963644  
0.1637330941  
0.2729787666  
0.08395776009  
-0.255163524  
-0.3859153328  
-0.1811443767  
0.09926473986  
0.0975848146  
-0.253231001  
-0.6556010947  
-0.7461892789  
-0.4643511006  
-0.1331764257  
-0.1548107416  
-0.584977231  
-1.014306175  
-0.9299912703  
-0.2311494385  
0.6401075064  
1.104745875  
0.961166712  
0.4875763129  
0.1039266321  
0.01674103252  
0.1732667965  
0.4339973284  
0.6971590293  
0.9040838463  
1.046173749  
1.210417621  
1.534271673  
2.012643893  
2.354398825  
2.140446727  
1.21915825  
-0.0676724272  
-1.132647198  
-1.656719649  
-1.825400922  
-2.026166313  
-2.357983411  
-2.523241177  
-2.221992787  
-1.573206742  
-1.049640313  
-0.9762222182  
-1.154005663  
-1.048596101  
-0.3610494053  
0.6285516766  
1.314893443  
1.347021757  
0.9278401985  
0.5553192245  
0.5246189936  
0.7118070845  
0.794255252  
0.5992768999  
0.2196516117  
-0.1340698163  
-0.3050062697  
-0.2223866589  
0.1260622318  
0.6482253762  
1.082342068  
1.099561551  
0.5958997531  
-0.1077795371  
-0.4651312738  
-0.2130011404  
0.3240781794  
0.540913649  
0.228619904  
-0.1202126862  
0.1910964035  
1.22664988  
2.185260708  
2.137255584  
1.011417636  
-0.2568816712  
-0.6541009362  
-0.1387054649  
0.3258966975  
-0.1950667963  
-1.620868229  
-2.947255678  
-3.245649162  
-2.475895677  
-1.364411077  
-0.6611211364  
-0.5978593088  
-0.9214586857  
-1.221492999  
-1.175511947  
-0.655625646  
0.2112438603  
1.080304281  
1.613080194  
1.741738118  
1.674280721  
1.598152802  
1.434583633  
0.9772492711  
0.265105314  
-0.3084022055  
-0.361606677  
0.03253271918  
0.3803980276  
0.2866229974  
-0.125036333  
-0.3714899814  
-0.1583848404  
0.3103541726  
0.5845675266  
0.4569300873  
0.1372593905  
-0.02527670651  
0.1080332447  
0.4296542457  
0.7974440751  
1.137530278  
1.322053662  
1.099837269  
0.3162274107  
-0.7868523354  
-1.618526982  
-1.702708459  
-1.11097951  
-0.3939823223  
-0.06312493373  
-0.1574501714  
-0.3350547456  
-0.3490434777  
-0.3372919352  
-0.5792741604  
-1.031146017  
-1.259520169  
-0.92191362  
-0.2260317736  
0.2367472997  
0.1347223447  
-0.2487992137  
-0.3820551589  
-0.1174330721  
0.1888015079  
0.1908522838  
0.02664949084  
0.1505703497  
0.7522713275  
1.495178073  
1.876626971  
1.737161401  
1.31711423  
0.8813624492  
0.4571951086  
-0.005778872639  
-0.3687820329  
-0.3859703639  
-0.06107180956  
0.2444358382  
0.1796132035  
-0.1911167474  
-0.4924932011  
-0.5404152641  
-0.5752752535  
-0.8912449125  
-1.341753037  
-1.412444286  
-0.8365857815  
0.007298270956  
0.4592480658  
0.3158600588  
0.06669433291  
0.3221558715  
1.071210179  
1.614907844  
1.273290259  
0.1209520598  
