0.1865774891  
-3.550801329  
-5.5862459  
-5.552592626  
-4.45435122  
-3.526719109  
-3.197144072  
-3.081340528  
-2.710592882  
-2.058438062  
-1.424576703  
-1.022679805  
-0.7973154088  
-0.5768777277  
-0.2888782071  
0.002950110581  
0.2173192941  
0.358996687  
0.5035634805  
0.7041928689  
0.9295521814  
1.094564879  
1.147028951  
1.118494754  
1.086908721  
1.092461123  
1.101142087  
1.060317505  
0.9821272204  
0.9476267105  
1.013453961  
1.128937356  
1.17226685  
1.07308967  
0.8799244576  
0.6976000633  
0.5774198709  
0.4893973803  
0.3917785627  
0.2940911999  
0.2326699554  
0.2006224936  
0.1372537792  
0.005301986066  
-0.1388925444  
-0.1874473319  
-0.106453715  
0.003431479366  
-0.00140533224  
-0.1613707735  
-0.3840626565  
-0.5587716445  
-0.6654495506  
-0.7501973011  
-0.8224752084  
-0.8236692602  
-0.7078652851  
-0.5244410625  
-0.391587045  
-0.3812210227  
-0.435432549  
-0.4059827375  
-0.1915030865  
0.1521900256  
0.4440666596  
0.5401412974  
0.4745397715  
0.4264570721  
0.5305464548  
0.7285788917  
0.8341505252  
0.7433215838  
0.5438002651  
0.3962219408  
0.3495931521  
0.3294757019  
0.2917123199  
0.3040446674  
0.4277970826  
0.5705785898  
0.547207247  
0.3115159153  
0.06362629822  
0.0524551232  
0.2729504501  
0.4374196234  
0.3133766359  
0.05820534763  
0.1095908703  
0.6752532927  
1.385935457  
1.573850114  
0.9450954106  
-0.08341370321  
-0.7781665693  
-0.7911626912  
-0.4122797987  
-0.1599841637  
-0.2398998748  
-0.4547333339  
-0.5431879541  
-0.4719424196  
-0.3915862277  
-0.4194725016  
-0.5358585372  
-0.643169385  
-0.6499233178  
-0.5019446138  
-0.2008840926  
0.1707483211  
0.4752993899  
0.6189765815  
0.6335564661  
0.6373496348  
0.7066864262  
0.8029620362  
0.8350819839  
0.7700259197  
0.6538710132  
0.5358389842  
0.4155991811  
0.2840125419  
0.1801493375  
0.1604847286  
0.2102949987  
0.2288920613  
0.1356905676  
-0.02395989943  
-0.1166266603  
-0.07244621026  
0.03398283342  
0.07989525739  
0.04632612143  
0.02700983136  
0.085469088  
0.1573210351  
0.1313175339  
-0.00107029328  
-0.1214783956  
-0.1038464536  
0.07538855743  
0.3374832194  
0.5676312001  
0.6749805746  
0.6340100715  
0.498966706  
0.3574066205  
0.2445186889  
0.1167042651  
-0.07014203916  
-0.2733271661  
-0.3877219735  
-0.3595616753  
-0.2473385581  
-0.1530418852  
-0.1113340824  
-0.0734610518  
0.003532380248  
0.08693372378  
0.1110522207  
0.07247764581  
0.0477815227  
0.1069861942  
0.2327833619  
0.3468152123  
0.4048976453  
0.4352146022  
0.4733911174  
0.4930099808  
0.4396432114  
0.3255621956  
0.2423705116  
0.2577322578  
0.3314373501  
0.3626244101  
0.2975891412  
0.1605357088  
0.002417032377  
-0.1293148984  
-0.1721923097  
-0.06148508827  
0.1918447688  
0.4492555359  
0.5167074636  
0.3065901653  
-0.05646658072  
-0.3038688237  
-0.2377048428  
0.08355673287  
0.3747973948  
0.3756427415  
0.09890483971  
