0.1213833492  
-0.4682983267  
-0.3025690322  
0.464759966  
0.9345971097  
0.4908851815  
-0.520555965  
-1.212898266  
-1.120789786  
-0.5862756663  
-0.2309266643  
-0.2521395935  
-0.357794993  
-0.2688032695  
-0.06005897634  
0.05409611207  
0.1010438912  
0.3251902742  
0.7825032019  
1.120100605  
0.8828754042  
0.0202785837  
-0.985608993  
-1.512802266  
-1.309936042  
-0.6671541955  
-0.1539947456  
-0.1630918334  
-0.5893317476  
-0.8892973275  
-0.5323409638  
0.4881363993  
1.571495221  
2.009966354  
1.628632184  
0.9227508407  
0.5495570781  
0.705804542  
1.01284266  
0.9612391193  
0.4087994205  
-0.3320426409  
-0.7925526499  
-0.6789598225  
-0.00303404636  
0.9493129828  
1.718335078  
1.857882488  
1.204231758  
0.03649680878  
-1.088167005  
-1.747792006  
-1.93566189  
-1.926758458  
-1.900941119  
-1.769089736  
-1.393768582  
-0.8974801173  
-0.6243831658  
-0.7518642095  
-1.022085099  
-0.9672840008  
-0.4108406228  
0.3356430793  
0.8147849662  
0.9018729601  
0.8744360419  
1.038771498  
1.381724281  
1.617413525  
1.500822836  
1.030165373  
0.3903167569  
-0.192653754  
-0.5177485097  
-0.4436125186  
0.01078157874  
0.5842239032  
0.8901854509  
0.7137751501  
0.2122273586  
-0.2125553244  
-0.2650267413  
0.01426771183  
0.3512966693  
0.5354871298  
0.5981242595  
0.7201786635  
0.9982260074  
1.303271951  
1.352730587  
0.9392632113  
0.1417036221  
-0.6777281158  
-1.148753287  
-1.22667187  
-1.229355731  
-1.481040723  
-1.922712828  
-2.142456914  
-1.822884343  
-1.118197428  
-0.5501584711  
-0.5429264389  
-1.067163416  
-1.690350546  
-1.919793372  
-1.525438461  
-0.6339892879  
0.4124862043  
1.302558881  
1.924860453  
2.336562404  
2.58358536  
2.588027964  
2.25435262  
1.670028584  
1.117091889  
0.818941489  
0.6996165531  
0.4631421293  
-0.06833056233  
-0.7272347712  
-1.11940262  
-0.9497468323  
-0.2581188029  
0.5846044273  
1.089538641  
0.9635601432  
0.3438362646  
-0.266477386  
-0.3956601466  
-0.0190165492  
0.4194838888  
0.4196131472  
-0.1451632103  
-0.9905128981  
-1.729068405  
-2.130721155  
-2.105966497  
-1.592261899  
-0.6209767223  
0.4953451127  
1.20431025  
1.11347856  
0.3780421831  
-0.3975058757  
-0.7014149338  
-0.5302925504  
-0.2506500546  
-0.130539197  
-0.1097569476  
-0.01061112123  
0.1663529232  
0.2504023264  
0.1432317628  
-0.05819621149  
-0.1843668066  
-0.1446753998  
0.07720150835  
0.4843068266  
1.019827067  
1.483741185  
1.613258895  
1.313731931  
0.7701103565  
0.2699441958  
-0.06733360142  
-0.3224293211  
-0.5432387374  
-0.5861284028  
-0.287729736  
0.2390786806  
0.6163008362  
0.5804420217  
0.2757246261  
0.06120676826  
0.05149058555  
-0.01240536767  
-0.3770762216  
-0.8826624369  
-1.106129146  
-0.8846744103  
-0.5415462106  
-0.5029086666  
-0.7736812114  
-0.9187209249  
-0.5687074439  
0.143358977  
0.6890968274  
0.6514326583  
0.1124320062  
