-0.1622573227  
-0.5705063711  
-0.8204591134  
-0.8269946939  
-0.6204730171  
-0.3387984497  
-0.1650823361  
-0.2242899428  
-0.4943847333  
-0.8138958294  
-1.007904203  
-1.031394692  
-0.984077738  
-0.9732339821  
-0.9749355067  
-0.8575293298  
-0.545400722  
-0.1284317093  
0.2204557921  
0.4289611283  
0.5963692854  
0.8716036742  
1.281179702  
1.692045503  
1.927293903  
1.900898564  
1.660529403  
1.338549758  
1.060788603  
0.8562974763  
0.6258169658  
0.2247536857  
-0.3804534831  
-1.03406381  
-1.493886863  
-1.626458043  
-1.499423063  
-1.288450307  
-1.10571712  
-0.9136733936  
-0.5887604703  
-0.07205385919  
0.5192187377  
0.9245336504  
0.9193745255  
0.5054656349  
-0.06753040621  
-0.4898324137  
-0.6173649474  
-0.5154014744  
-0.3001529593  
0.00931175335  
0.441990004  
0.9123380034  
1.199718896  
1.150932193  
0.8706510334  
0.6332958587  
0.5821247103  
0.5654926276  
0.3167978509  
-0.224154486  
-0.8169149752  
-1.144516986  
-1.080960385  
-0.7168004774  
-0.1835798788  
0.4491629845  
1.074448035  
1.430561511  
1.212885038  
0.3712948762  
-0.7350784009  
-1.555358754  
-1.767703235  
-1.494329605  
-1.105768876  
-0.8341015121  
-0.5956393882  
-0.1777921277  
0.446421445  
1.028922419  
1.267635848  
1.083755087  
0.6674072597  
0.2896674301  
0.1213237777  
0.2161955804  
0.5645958712  
1.068310352  
1.491756738  
1.565482042  
1.219540388  
0.6666683342  
0.1693685075  
-0.2561738108  
-0.8001933199  
-1.499279757  
-2.037621987  
-2.032202371  
-1.486845105  
-0.8333931994  
-0.4764272061  
-0.3813262378  
-0.1820032417  
0.3565622166  
1.069194852  
1.56559515  
1.586149733  
1.16859219  
0.5564207994  
0.02705184614  
-0.2266556048  
-0.1700168451  
0.0318839258  
0.07654802814  
-0.2649328934  
-0.9149608856  
-1.469141388  
-1.477331485  
-0.8153105982  
0.1940175886  
1.03574041  
1.401038821  
1.364937128  
1.212150397  
1.124118027  
1.042602875  
0.8021864919  
0.3423375732  
-0.2248365749  
-0.7119193114  
-0.9819900175  
-1.015298041  
-0.9273974564  
-0.9220671203  
-1.126187338  
-1.393500659  
-1.326934701  
-0.6221602925  
0.5604085931  
1.625404378  
2.01653038  
1.680706661  
1.063595174  
0.6730749844  
0.664744229  
0.8114168449  
0.7971284928  
0.5052112716  
0.06062540307  
-0.3454895185  
-0.6481761759  
-0.9401121635  
-1.324414301  
-1.741565956  
-1.961736416  
-1.778806577  
-1.224265945  
-0.5729394009  
-0.1103250703  
0.1257310126  
0.3785787588  
0.9313792928  
1.79083524  
2.58357922  
2.797096222  
2.198566201  
1.069204871  
0.0169031421  
-0.4868228999  
-0.4272966651  
-0.1514680173  
-0.005517768691  
-0.08816424545  
-0.306521234  
-0.5610861187  
-0.7981769772  
-0.9200221628  
-0.7718669581  
-0.3159555087  
0.2031020109  
0.3740363028  
-0.01522543282  
-0.7272048697  
-1.237363124  
-1.175616544  
-0.6141832017  
0.05142675343  
0.4533715307  
0.4838540649  
0.2765705679  
