-0.02283261958  
-0.7963429906  
-0.7803662631  
0.06806374411  
1.056013635  
1.466443048  
1.201283893  
0.7461782021  
0.6016152929  
0.8139299197  
1.023957311  
0.8839023368  
0.3875112319  
-0.1655574324  
-0.4654969614  
-0.4374164363  
-0.2390642891  
-0.07938667804  
-0.06819167023  
-0.2118104339  
-0.4790753873  
-0.8079664192  
-1.05562555  
-1.022796431  
-0.6175724521  
-0.01976292275  
0.3787054407  
0.2922295434  
-0.156008401  
-0.4958402338  
-0.3524587668  
0.1566664001  
0.524863062  
0.398487535  
-0.02337572795  
-0.1970267843  
0.1629038235  
0.7548371882  
0.9898851199  
0.5683282618  
-0.2799704193  
-1.068261069  
-1.464020204  
-1.426050173  
-1.061410308  
-0.4810364217  
0.1953797891  
0.7989723316  
1.170055824  
1.256271367  
1.109537836  
0.7909532823  
0.3342830505  
-0.1747505324  
-0.5426890971  
-0.5735193167  
-0.2496157182  
0.2307342987  
0.6198148883  
0.8022515333  
0.7967132282  
0.6228892757  
0.2419433703  
-0.3466862863  
-1.002193743  
-1.504099241  
-1.730909997  
-1.745006521  
-1.682191696  
-1.578487223  
-1.331469565  
-0.8316278229  
-0.1197539173  
0.5877387025  
1.033035383  
1.098793179  
0.8866434047  
0.6275944042  
0.5031424705  
0.5318998433  
0.6105020475  
0.6502511294  
0.6643818419  
0.719342979  
0.8131350589  
0.8353479225  
0.6853401859  
0.4325094542  
0.3066871686  
0.4628850827  
0.7496216804  
0.7845252934  
0.3345825251  
-0.3934684091  
-0.9225192525  
-0.9984520008  
-0.8602032245  
-0.9665292451  
-1.487700616  
-2.13005  
-2.448846644  
-2.260568395  
-1.727948533  
-1.111831203  
-0.5163748478  
0.1177414721  
0.8191170875  
1.435815943  
1.713439695  
1.539606192  
1.095501771  
0.7242564083  
0.6300892002  
0.7305179176  
0.8196788158  
0.8310533057  
0.8718585301  
1.000451445  
1.053153225  
0.7637788478  
0.04750917492  
-0.8752019161  
-1.634735756  
-1.965327969  
-1.83601883  
-1.422809235  
-0.9941344237  
-0.753582241  
-0.694711064  
-0.5984073025  
-0.2441838144  
0.327758727  
0.7891323141  
0.802871158  
0.3452525781  
-0.2493105326  
-0.5550100712  
-0.3762004024  
0.1400279075  
0.6501260344  
0.8755489365  
0.7898520171  
0.6153198378  
0.6379115926  
0.9680112626  
1.424404645  
1.648778729  
1.382555972  
0.6803259728  
-0.1360497533  
-0.7388655368  
-1.011810894  
-1.031033392  
-0.9003015511  
-0.6749602045  
-0.4401341097  
-0.3680988812  
-0.5988550245  
-1.04529153  
-1.381988054  
-1.312042676  
-0.8838345387  
-0.51423647  
-0.6272028068  
-1.212171347  
-1.746275971  
-1.621923228  
-0.7171980714  
0.4570008044  
1.219351124  
1.338255873  
1.164561571  
1.164148786  
1.411407006  
1.608409192  
1.529773401  
1.30336497  
1.209781768  
1.304699082  
1.334352309  
0.9979661098  
0.2202261072  
-0.815879445  
-1.795500085  
-2.37504181  
-2.254490627  
-1.32515357  
0.139462661  
1.466868215  
1.897182472  
1.077077791  
-0.6387111743  
