0.0018516416  
-0.5071748432  
-0.3359002229  
0.3823114396  
0.8540737914  
0.5513732781  
-0.1915606368  
-0.5779050305  
-0.2313337188  
0.4490386776  
0.7812729268  
0.5018046819  
-0.07950902949  
-0.5089056994  
-0.6301194751  
-0.597776477  
-0.5855278562  
-0.5941093407  
-0.5358848846  
-0.4155379218  
-0.3604850601  
-0.4726862623  
-0.6763881632  
-0.7315110969  
-0.4236835341  
0.2232968781  
0.9199790832  
1.341514737  
1.421567384  
1.38532692  
1.440782159  
1.468152469  
1.114193125  
0.2352345872  
-0.8269000426  
-1.497447501  
-1.492710099  
-1.038881985  
-0.5771948246  
-0.329642613  
-0.1976185655  
-0.02142005194  
0.1762717589  
0.2474140819  
0.1542535209  
0.06243550423  
0.1805564329  
0.5457906801  
0.987158803  
1.265831786  
1.220441445  
0.8152138227  
0.1378973341  
-0.6008234028  
-1.119002137  
-1.220528256  
-0.9614781103  
-0.6354926652  
-0.5312117707  
-0.6724853549  
-0.8149919388  
-0.7237968529  
-0.4439924971  
-0.2598788847  
-0.3704190399  
-0.6362335567  
-0.6919718236  
-0.3160245619  
0.3355836827  
0.8661261799  
0.9802168124  
0.6869287389  
0.2215420797  
-0.1637418156  
-0.3290118726  
-0.2467592161  
0.03367421249  
0.3886066645  
0.6332201012  
0.6191775001  
0.3779551782  
0.1476942881  
0.1823693017  
0.4886232685  
0.7878986754  
0.8039226226  
0.5880964487  
0.4912524406  
0.7660665815  
1.235496658  
1.433249417  
1.102189836  
0.5068043041  
0.1796201721  
0.3294893382  
0.5429456432  
0.147073562  
-1.090350411  
-2.638516929  
-3.611305216  
-3.51066709  
-2.592792627  
-1.571949678  
-1.024384109  
-1.031423039  
-1.254236462  
-1.254627051  
-0.7985354347  
0.01210938747  
0.8316577749  
1.333815675  
1.4556941  
1.409100278  
1.44297751  
1.592117734  
1.668294544  
1.497025482  
1.139807126  
0.8512263049  
0.8055871482  
0.8934069449  
0.830814903  
0.4760139793  
-0.009590361426  
-0.3576580788  
-0.5213821595  
-0.7224129508  
-1.123270605  
-1.516948247  
-1.46507312  
-0.7918564322  
0.1381394757  
0.7267867208  
0.7063415217  
0.3136241527  
-0.08178293477  
-0.3781908786  
-0.680107171  
-0.9447347322  
-0.8911628296  
-0.3376306449  
0.4667511914  
0.9687281163  
0.8079031897  
0.1781438528  
-0.3104785467  
-0.1476392424  
0.644264034  
1.534496945  
1.924005394  
1.590281913  
0.7593480216  
-0.1753518032  
-0.9449702782  
-1.460315509  
-1.714570411  
-1.742493226  
-1.651409299  
-1.573134008  
-1.51902869  
-1.340882261  
-0.9225091157  
-0.3940623225  
-0.05078947557  
-0.009406886629  
-0.02705488946  
0.2338809467  
0.7849158628  
1.280116699  
1.445784116  
1.414423535  
1.499495762  
1.709365791  
1.699104774  
1.273084097  
0.7342106379  
0.5167348491  
0.548148119  
0.267573537  
-0.6022739605  
-1.524752879  
-1.662655885  
-0.8945434424  
-0.05651602682  
-0.03347702596  
-0.7472005277  
-1.232590485  
-0.7116381453  
0.5376234099  
1.420113834  
1.068527325  
-0.346437164  
