0.0237199416  
-0.009484096034  
0.01644738586  
0.1792080283  
0.4772581959  
0.7381296736  
0.7318231338  
0.4196958805  
0.03818394123  
-0.1151371588  
0.03769181519  
0.3131951839  
0.474806772  
0.4387255612  
0.292671968  
0.1813615835  
0.2039232183  
0.3753603314  
0.6230537396  
0.8105682574  
0.8052463939  
0.5630698487  
0.1654854464  
-0.2222488095  
-0.4418266927  
-0.4356784238  
-0.3004406912  
-0.2442163455  
-0.4255959799  
-0.7811240284  
-1.035895996  
-0.9502346108  
-0.5736302869  
-0.2130063383  
-0.1255343677  
-0.2745178453  
-0.4145118362  
-0.3775661126  
-0.2168885772  
-0.08129204579  
-0.02815539683  
-0.004714791819  
0.03780215914  
0.09371642097  
0.1729845123  
0.3459853855  
0.6536491975  
0.9904632767  
1.144204883  
0.9878256017  
0.6130758526  
0.2487845923  
0.05321250646  
0.002293677712  
-0.03008742922  
-0.1143988531  
-0.2026392639  
-0.2079745573  
-0.1248098106  
-0.05533627223  
-0.1075196646  
-0.2651114019  
-0.3737091344  
-0.2779462052  
0.02008603178  
0.3485896042  
0.5204624735  
0.5004562286  
0.4189163246  
0.4220353816  
0.5101886858  
0.5289949578  
0.3274595203  
-0.07844812451  
-0.5119666159  
-0.7974615716  
-0.8838975965  
-0.8056139029  
-0.5950566425  
-0.319299576  
-0.1715812652  
-0.3729207161  
-0.8777082342  
-1.270133119  
-1.154150306  
-0.6956827602  
-0.5687390031  
-1.124786151  
-1.669939389  
-0.9111604857  
1.617467796  
4.680677943  
6.203341809  
5.154761739  
2.4952637  
0.196682543  
-0.5690694869  
-0.2157313312  
0.06396166125  
-0.4035119902  
-1.305054809  
-1.903860687  
-1.832851953  
-1.353354044  
-1.00207269  
-1.075578733  
-1.416143699  
-1.623651072  
-1.4448518  
-0.9669433432  
-0.4660764916  
-0.1147002371  
0.1337810883  
0.3988878448  
0.6788831779  
0.8433382429  
0.7966425636  
0.5953991036  
0.3878077384  
0.2772220393  
0.2755228513  
0.348244401  
0.4394163944  
0.4671541827  
0.3839711567  
0.2749994726  
0.3194869623  
0.5821376425  
0.8805896312  
0.9409544253  
0.6866677815  
0.3166238262  
0.09071153338  
0.0830777388  
0.1489669681  
0.08217650157  
-0.2090024606  
-0.6250357598  
-0.928820944  
-0.9033580141  
-0.5124099095  
0.06393864819  
0.5444471962  
0.7110597344  
0.5181539188  
0.1121068013  
-0.2537548373  
-0.3987079915  
-0.3629317945  
-0.3488571507  
-0.4813465557  
-0.6648219298  
-0.7250173049  
-0.6447118433  
-0.5662195876  
-0.5665474645  
-0.5426342265  
-0.3796036748  
-0.151331671  
-0.04653737594  
-0.110417014  
-0.1650151195  
-0.03047465526  
0.2425448754  
0.4356225113  
0.4401927424  
0.3975716562  
0.5259807736  
0.8441209979  
1.126398899  
1.153675618  
0.9721024462  
0.8474646304  
0.9513292899  
1.145882728  
1.136796024  
0.8215965603  
0.4076696023  
0.1459151844  
0.007085483085  
-0.2825425648  
-0.860444761  
-1.455620287  
-1.59416477  
-1.119359613  
-0.4703676262  
-0.3588099217  
-1.090353788  
-2.178058841  
-2.661560721  
-1.895679766  
-0.1295395911  
