0.161040652  
-1.699991376  
-2.667996999  
-2.553444449  
-1.916861265  
-1.464267112  
-1.429800748  
-1.513236845  
-1.32382648  
-0.8058950023  
-0.2377276099  
0.1055918509  
0.2165008595  
0.2951468928  
0.5025717953  
0.8261243744  
1.15320812  
1.385906845  
1.441299189  
1.208636336  
0.6230677183  
-0.1743228748  
-0.8150067126  
-0.9395424857  
-0.5051649549  
0.1491120461  
0.5702255676  
0.5523486429  
0.2654494261  
0.05291147601  
0.1053060038  
0.3147262342  
0.4253757581  
0.306359836  
0.066246114  
-0.0857398716  
-0.05380979939  
0.08673769142  
0.209265295  
0.2556699273  
0.2312952502  
0.1442305632  
0.0120948905  
-0.08413409961  
-0.02656749607  
0.2105695149  
0.4819511153  
0.5765094983  
0.423223934  
0.1723905158  
0.05322829228  
0.1495964436  
0.3114365097  
0.2779696718  
-0.09053499687  
-0.6509131742  
-1.030175479  
-0.9042225305  
-0.3038012585  
0.3531464947  
0.5949434017  
0.3046019883  
-0.2018466445  
-0.4944369926  
-0.4040848086  
-0.1013177317  
0.1239486936  
0.1150555129  
-0.07541091084  
-0.2808165865  
-0.3666295644  
-0.3254370183  
-0.2673539278  
-0.3051296726  
-0.4180267111  
-0.4333560835  
-0.1803651196  
0.3158105559  
0.8150586113  
1.073105305  
1.076259356  
1.036909677  
1.143728721  
1.360285632  
1.524729523  
1.619637749  
1.825909275  
2.228570429  
2.533184388  
2.223384593  
1.074101265  
-0.5471525231  
-1.960679143  
-2.732007609  
-2.893634259  
-2.671516615  
-2.171684638  
-1.443932431  
-0.729104549  
-0.3986541529  
-0.5574337343  
-0.8466227247  
-0.8012004556  
-0.377720235  
0.0111766619  
0.0156498904  
-0.2236974191  
-0.2623075657  
0.1020200483  
0.6028771248  
0.8469943498  
0.7733095378  
0.6780920338  
0.8213691397  
1.126887252  
1.317594599  
1.254007355  
1.02896653  
0.7727195078  
0.5249708523  
0.3403730901  
0.3474768373  
0.5463005918  
0.6459856253  
0.3310340582  
-0.2781304089  
-0.6299484764  
-0.3420124581  
0.3098589127  
0.666175835  
0.4291868273  
-0.01400837397  
-0.06763067582  
0.3752115321  
0.8193944483  
0.7353953969  
0.1326771566  
-0.5003354965  
-0.7721345825  
-0.7785735926  
-0.8737867029  
-1.164791975  
-1.387697518  
-1.287160199  
-0.9543779186  
-0.6715747426  
-0.5132214184  
-0.2770916063  
0.1808231889  
0.7148714239  
1.083588447  
1.240603286  
1.280051158  
1.174600239  
0.7850815678  
0.1677394652  
-0.3248095021  
-0.3961064096  
-0.170870325  
-0.0498108454  
-0.2069020393  
-0.3703796283  
-0.166312323  
0.4057511577  
0.9353881689  
1.019887657  
0.6409857706  
0.1164733093  
-0.2340865782  
-0.2992876005  
-0.101782591  
0.3304704884  
0.9041578407  
1.331001457  
1.264492383  
0.718730352  
0.2618422332  
0.5255107681  
1.381317791  
1.785931898  
0.7544265157  
-1.44294848  
-3.281337164  
-3.38051864  
-1.857628708  
-0.1596662742  
0.3918605452  
-0.2669868077  
-1.192539899  
-1.495369654  
-0.9797464923  
0.02112120206  
